runfile('C:/Users/user/Documents/PYTHON_TEST/Cookie_new1452.py', wdir='C:/Users/user/Documents/PYTHON_TEST')
状态码： 200
完整返回文本： '{"Count":1,"Data":[{"Data":[487.1,487.03,486.94,486.89,486.87,486.8,486.87,486.68,486.71,486.66,486.61,486.59,486.61,486.61,486.61,486.52,486.52,486.54,486.48,486.48,486.52,486.43,486.45,486.36,486.38,486.31,486.24,486.27,486.15,486.22,486.12,486.1,485.96,486.01,485.84,485.78,485.84,485.73,485.75,485.68,485.66,485.61,485.64,485.56,485.62,485.64,485.62,485.56,485.56,485.57,485.56,485.54,485.55,485.45,485.45,485.48,485.49,485.49,485.54,485.55,485.49,485.49,485.49,485.49,485.49,485.5,485.5,485.59,485.64,485.69,485.75,485.75,485.75,485.69,485.75,485.71,485.68,485.69,485.73,485.69,485.71,485.66,485.66,485.75,485.75,485.8,485.71,485.73,485.69,485.69,485.64,485.61,485.64,485.57,485.55,485.59,485.59,485.57,485.63,485.64,485.64,485.64,485.63,485.64,485.64,485.56,485.56,485.64,485.61,485.68,485.8,485.75,485.82,485.75,485.78,485.78,485.71,485.66,485.66,485.64,485.61,485.63,485.62,485.59,485.57,485.56,485.57,485.52,485.57,485.57,485.56,485.52,485.5,485.54,485.48,485.4,485.5,485.54,485.54,485.55,485.55,485.48,485.45,485.35,485.4,485.36,485.31,485.4,485.36,485.45,485.38,485.43,485.43,485.5,485.43,485.43,485.45,485.36,485.36,485.36,485.36,485.31,485.27,485.29,485.27,485.41,485.36,485.38,485.41,485.35,485.33,485.43,485.35,485.36,485.27,485.33,485.29,485.29,485.34,485.22,485.22,485.22,485.24,485.15,485.17,485.22,485.36,485.43,485.38,485.43,485.34,485.26,485.26,485.27,485.17,485.22,485.07,485.03,485.15,485.01,484.96,484.98,485.1,485.08,485.19,485.14,485.07,485.17,485.26,485.17,485.08,485.08,485.24,485.14,485.12,485.26,485.29,485.19,485.26,485.19,485.27,485.26,485.36,485.38,485.41,485.4,485.4,485.4,485.38,485.34,485.14,485.08,485.1,485.05,484.99,484.98,484.98,484.98,484.93,485.05,485.01,485.08,485.1,485.2,485.17,485.08,485.17,485.08,484.98,484.98,484.96,484.94,484.89,484.84,484.86,484.8,484.84,484.79,484.77,484.71,484.7,484.66,484.61,484.64,484.68,484.61,484.58,484.59,484.56,484.59,484.68,484.68,484.61,484.63,484.61,484.64,484.7,484.71,484.77,484.73,484.84,484.87,484.89,485.01,485.01,484.99,485.1,485.03,485.01,485.1,485.08,485.22,485.1,485.01,485.08,484.99,485.1,485.12,485.07,485.14,485.26,485.12,485.19,485.29,485.35,485.35,485.28,485.38,485.43,485.55,485.64,485.75,485.75,485.75,485.75,485.75,485.66,485.68,485.61,485.55,485.56,485.64,485.71,485.66,485.64,485.63,485.59,485.47,485.41,485.36,485.24,485.19,485.19,485.17,485.05,485.1,485.1,484.96,484.99,484.92,484.86,484.8,484.8,484.79,484.73,484.61,484.56,484.51,484.42,484.51,484.38,484.35,484.38,484.3,484.38,484.28,484.24,484.22,484.15,484.26,484.24,484.15,484.26,484.22,484.26,484.28,484.35,484.33,484.33,484.31,484.24,484.19,484.21,484.24,484.26,484.37,484.42,484.4,484.51,484.56,484.57,484.51,484.52,484.57,484.49,484.54,484.56,484.59,484.63,484.75,484.73,484.73,484.73,484.7,484.63,484.54,484.58,484.44,484.49,484.49,484.45,484.42,484.43,484.4,484.43,484.49,484.51,484.56,484.68,484.71,484.75,484.77,484.75,484.75,484.8,484.8,484.87,484.86,484.82,484.86,484.8,484.86,484.86,484.94,484.87,484.84,484.86,484.82,484.79,484.8,484.79,484.79,484.8,484.84,484.89,484.89,484.91,484.93,484.98,485.03,485.12,485.05,485.17,485.26,485.27,485.38,485.54,485.64,485.78,485.84,485.94,485.99,485.92,485.96,486.08,486.08,485.99,486.01,486.05,485.97,485.82,485.71,485.64,485.59,485.64,485.57,485.57,485.54,485.35,485.4,485.33,485.34,485.24,485.17,485.05,485.05,485.03,485.05,485.05,485.03,484.91,484.99,484.94,485.01,485.01,485.05,484.99,485.1,485.05,485.07,485.15,485.14,485.17,485.15,485.1,485.31,485.17,484.75,483.82,482.84,482.07,481.11,480.41,479.22,478.4,477.56,476.38,475.56,474.65,473.71,472.74,471.87,471.03,470.23,469.47,468.53,467.74,466.76,465.96,465.06,464.12,463.29,462.4,461.49,460.72,459.81,459.02,458.11,457.36,456.38,455.56,454.61,453.81,452.86,452.06,451.1,450.26,449.4,448.56,447.67,446.92,446.02,445.24,444.36,443.45,442.68,441.87,441,440.25,439.34,438.59,437.68,436.98,436.13,435.42,434.58,433.76,432.9,432.14,431.25,430.57,429.82,429.05,428.36,427.56,426.76,426.06,425.21,424.51,423.73,422.9,422.01,421.16,422.92,424.55,426.02,427.51,429.01,430.38,431.81,433.2,434.68,436.12,437.39,438.95,440.34,441.7,443.12,444.45,445.81,447.11,448.52,449.91,451.27,452.62,454,455.35,456.72,457.96,459.3,460.49,461.72,462.91,464.27,465.54,466.64,467.9,469.1,470.28,471.33,472.62,473.83,474.97,476,477.15,478.31,479.38,480.51,481.69,482.68,483.77,484.71,485.64,486.69,487.64,488.72,489.55,490.63,491.59,492.61,493.01,493.12,492.94,493.03,492.92,492.91,492.99,492.99,493.03,493.13,493.24,493.36,493.41,493.41,493.38,493.33,493.31,493.25,493.22,493.03,492.99,492.99,492.78,492.73,492.82,492.66,492.68,492.62,492.55,492.55,492.43,492.47,492.47,492.41,492.43,492.43,492.42,492.41,492.38,492.26,492.33,492.19,492.17,492.1,491.99,491.99,492.06,491.94,491.99,492.03,491.93,491.91,491.94,491.91,491.92,491.91,491.87,491.84,491.91,491.82,491.8,491.77,491.86,491.75,491.75,491.73,491.68,491.68,491.75,491.68,491.79,491.7,491.65,491.61,491.57,491.42,491.49,491.47,491.38,491.31,491.33,491.4,491.26,491.21,491.24,491.28,491.37,491.47,491.35,491.31,491.4,491.4,491.42,491.43,491.45,491.49,491.45,491.42,491.4,491.4,491.37,491.4,491.38,491.43,491.29,491.38,491.38,491.37,491.42,491.33,491.35,491.42,491.26,491.29,491.31,491.19,491.21,491.17,491.09,491.21,491.01,491.1,491.1,491.01,490.96,490.88,490.89,490.82,490.77,490.68,490.66,490.66,490.66,490.58,490.56,490.61,490.58,490.47,490.52,490.37,490.4,490.35,490.3,490.18,490.07,490.09,490.07,490.04,490,489.96,489.93,489.91,489.86,489.89,489.79,489.74,489.74,489.76,489.7,489.77,489.76,489.65,489.68,489.55,489.7,489.63,489.58,489.62,489.65,489.63,489.58,489.58,489.63,489.65,489.65,489.62,489.72,489.81,489.89,489.88,489.96,490.05,490.17,490.21,490.26,490.26,490.4,490.39,490.54,490.53,490.58,490.61,490.75,490.79,490.82,490.89,490.88,490.96,491.01,490.98,491.01,491.09,491.19,491.17,491.26,491.26,491.12,491.28,491.19,491.17,491.33,491.24,491.26,491.35,491.29,491.42,491.43,491.47,491.56,491.59,491.63,491.7,491.68,491.68,491.64,491.56,491.56,491.54,491.49,491.47,491.57,491.59,491.63,491.59,491.57,491.51,491.51,491.35,491.29,491.29,491.29,491.29,491.31,491.38,491.38,491.37,491.43,491.43,491.45,491.38,491.4,491.38,491.42,491.38,491.42,491.49,491.57,491.56,491.61,491.64,491.65,491.64,491.68,491.68,491.73,491.71,491.68,491.7,491.63,491.7,491.68,491.68,491.68,491.68,491.7,491.68,491.66,491.63,491.66,491.57,491.58,491.63,491.47,491.54,491.54,491.51,491.42,491.51,491.51,491.45,491.38,491.37,491.4,491.43,491.47,491.43,491.4,491.47,491.49,491.42,491.38,491.37,491.28,491.19,491.16,491.07,491.09,491.1,491,491.08,491.05,491.07,490.96,491,490.93,490.94,490.91,490.81,490.81,490.84,490.81,490.86,490.84,490.89,490.88,490.86,490.91,490.94,490.94,490.91,490.94,490.93,490.96,490.86,490.89,490.89,490.88,490.88,490.89,490.89,490.94,490.94,490.93,490.96,491.01,490.93,491.01,490.98,491.01,491.07,491,491.01,491.07,491.12,491.12,491.21,491.21,491.26,491.35,491.49,491.49,491.61,491.68,491.68,491.71,491.77,491.77,491.73,491.75,491.68,491.64,491.61,491.58,491.49,491.57,491.52,491.49,491.42,491.54,491.51,491.52,491.56,491.54,491.63,491.68,491.77,491.79,491.92,492.03,492.1,492.17,492.15,492.06,491.98,491.98,491.99,491.96,491.99,491.91,491.96,491.93,491.96,491.89,491.86,491.87,491.71,491.75,491.7,491.65,491.66,491.64,491.56,491.51,491.49,491.45,491.33,491.29,491.31,491.35,491.38,491.29,491.38,491.45,491.52,491.59,491.54,491.56,491.57,491.49,491.45,491.47,491.35,491.26,491.16,491.16,491.05,490.96,491.03,490.93,490.91,490.84,490.82,490.79,490.73,490.66,490.61,490.59,490.61,490.58,490.66,490.56,490.61,490.49,490.39,490.35,490.39,490.32,490.33,490.35,490.39,490.31,490.23,490.28,490.18,490.19,490.16,490.21,490.21,490.16,490.16,490.23,490.07,490.05,490.11,490.09,490.07,490.14,490.14,490.14,490.14,490.12,490.17,490.24,490.23,490.28,490.14,490.11,490.05,490,489.93,489.9,489.98,489.98,489.95,490,489.96,489.96,489.93,489.88,489.86,489.86,489.89,489.9,489.95,489.95,489.93,490.02,490.02,490.05,490.16,490.19,490.19,490.21,490.11,490.07,490.11,489.96,489.91,489.95,489.93,489.93,489.95,489.84,489.84,489.86,489.84,489.77,489.77,489.81,489.68,489.79,489.74,489.63,489.58,489.65,489.68,489.65,489.76,489.79,489.72,489.77,489.74,489.62,489.7,489.72,489.72,489.79,489.68,489.76,489.65,489.58,489.53,489.34,489.3,489.28,489.16,489.07,489,489,488.97,489.04,489.04,489.09,489.07,489.28,489.34,489.39,489.34,489.28,489.23,489.19,489.16,489.09,489,488.93,488.93,489.04,489.02,489.02,488.97,488.97,488.9,488.88,488.86,488.79,488.67,488.79,488.77,488.65,488.58,488.6,488.7,488.7,488.65,488.71,488.79,488.79,488.86,488.79,488.72,488.83,488.64,488.7,488.69,488.62,488.7,488.55,488.62,488.64,488.6,488.56,488.49,488.48,488.57,488.62,488.67,488.74,488.78,488.84,488.88,488.83,488.77,488.9,488.81,488.77,488.77,488.81,488.83,488.81,488.79,488.78,488.79,488.74,488.72,488.77,488.77,488.74,488.62,488.62,488.58,488.65,488.67,488.64,488.65,488.6,488.62,488.7,488.69,488.62,488.55,488.48,488.43,488.44,488.36,488.29,488.21,488.15,488.2,488.2,488.23,488.21,488.29,488.23,488.21,488.23,488.27,488.27,488.27,488.39,488.43,488.48,488.42,488.67,488.55,488.69,488.77,488.83,488.81,488.93,488.93,489,488.99,488.93,488.9,488.97,489,488.95,488.93,488.98,489,489,489.06,489.09,489.07,489.02,489.04,488.97,489,488.98,488.86,488.79,488.76,488.57,488.64,488.56,488.57,488.62,488.53,488.51,488.6,488.56,488.62,488.53,488.53,488.49,488.51,488.55,488.48,488.49,488.53,488.53,488.56,488.39,488.56,488.58,488.48,488.62,488.64,488.53,488.6,488.53,488.44,488.42,488.44,488.39,488.44,488.41,488.46,488.46,488.6,488.57,488.58,488.65,488.6,488.6,488.64,488.72,488.76,488.86,488.86,488.98,489.02,489.04,489.07,489.04,489.02,489.02,489.02,489.06,489.09,489.11,489.16,489.28,489.34,489.3,489.21,489.26,489.12,489.14,489.06,489,488.9,488.91,488.78,488.72,488.65,488.57,488.51,488.55,488.6,488.55,488.39,488.46,488.49,488.44,488.51,488.53,488.65,488.55,488.6,488.6,488.58,488.53,488.58,488.65,488.65,488.55,488.51,488.39,488.34,488.3,488.23,488.2,488.14,488.04,487.9,487.97,488.48,489.79,489.76,489.6],"Name":"发电机氢气压力 deh8_80mkg30cp001_xq01","PointName":"h-1106087326.svg,DEH8_80MKG30CP001_XQ01","Ret":0,"StartUTC":1787156520,"EndUTC":1787242920,"Period":60,"MaxVal":493.41,"MinVal":421.16,"AvgVal":485.38,"Msg":""}]}'
Traceback (most recent call last):

  File "C:\ProgramData\Anaconda3\lib\site-packages\pandas\core\internals\managers.py", line 1675, in create_block_manager_from_blocks
    make_block(

  File "C:\ProgramData\Anaconda3\lib\site-packages\pandas\core\internals\blocks.py", line 2742, in make_block
    return klass(values, ndim=ndim, placement=placement)

  File "C:\ProgramData\Anaconda3\lib\site-packages\pandas\core\internals\blocks.py", line 142, in __init__
    raise ValueError(

ValueError: Wrong number of items passed 1, placement implies 2


During handling of the above exception, another exception occurred:

Traceback (most recent call last):

  File "C:\Users\user\Documents\PYTHON_TEST\Cookie_new1452.py", line 50, in <module>
    df = pd.DataFrame(data_list, columns=["时间戳","数值"])

  File "C:\ProgramData\Anaconda3\lib\site-packages\pandas\core\frame.py", line 584, in __init__
    mgr = init_ndarray(data, index, columns, dtype=dtype, copy=copy)

  File "C:\ProgramData\Anaconda3\lib\site-packages\pandas\core\internals\construction.py", line 238, in init_ndarray
    return create_block_manager_from_blocks(block_values, [columns, index])

  File "C:\ProgramData\Anaconda3\lib\site-packages\pandas\core\internals\managers.py", line 1687, in create_block_manager_from_blocks
    raise construction_error(tot_items, blocks[0].shape[1:], axes, e)

ValueError: Shape of passed values is (1441, 1), indices imply (1441, 2)
